1407027419,s1-eth1,0.00,0.00,0.00,0,0,0.00,0.00,0.00,0,0,0.00,0.00,0,0
1407027419,s1-eth2,0.00,0.00,0.00,0,0,0.00,0.00,0.00,0,0,0.00,0.00,0,0
1407027419,s2-eth1,0.00,0.00,0.00,0,0,0.00,0.00,0.00,0,0,0.00,0.00,0,0
1407027419,s2-eth2,0.00,0.00,0.00,0,0,0.00,0.00,0.00,0,0,0.00,0.00,0,0
1407027419,eth0,0.00,0.00,0.00,0,0,0.00,0.00,0.00,0,0,0.00,0.00,0,0
1407027419,lo,0.00,0.00,0.00,0,0,0.00,0.00,0.00,0,0,0.00,0.00,0,0
1407027419,s1,0.00,0.00,0.00,0,0,0.00,0.00,0.00,0,0,0.00,0.00,0,0
1407027419,s2,0.00,0.00,0.00,0,0,0.00,0.00,0.00,0,0,0.00,0.00,0,0
1407027419,total,0.00,0.00,0.00,0,0,0.00,0.00,0.00,0,0,0.00,0.00,0,0
1407027420,s1-eth1,5474192.00,81666.00,5555858.00,81666,5474192,1240.00,1237.00,2477.00,1237,1240,0.00,0.00,0,0
1407027420,s1-eth2,81468.00,5468400.00,5549868.00,5468400,81468,1234.00,1240.00,2474.00,1240,1234,0.00,0.00,0,0
1407027420,s2-eth1,5468400.00,81468.00,5549868.00,81468,5468400,1240.00,1234.00,2474.00,1234,1240,0.00,0.00,0,0
1407027420,s2-eth2,81270.00,5472810.00,5554080.00,5472810,81270,1231.00,1241.00,2472.00,1241,1231,0.00,0.00,0,0
1407027420,eth0,0.00,0.00,0.00,0,0,0.00,0.00,0.00,0,0,0.00,0.00,0,0
1407027420,lo,576.00,576.00,1152.00,576,576,6.00,6.00,12.00,6,6,0.00,0.00,0,0
1407027420,s1,0.00,90.00,90.00,90,0,0.00,1.00,1.00,1,0,0.00,0.00,0,0
1407027420,s2,0.00,90.00,90.00,90,0,0.00,1.00,1.00,1,0,0.00,0.00,0,0
1407027420,total,11105906.00,11105100.00,22211006.00,11105100,11105906,4951.00,4960.00,9911.00,4960,4951,0.00,0.00,0,0
1407027421,s1-eth1,5494860.00,82170.00,5577030.00,82170,5494860,1246.00,1245.00,2491.00,1245,1246,0.00,0.00,0,0
1407027421,s1-eth2,82104.00,5494860.00,5576964.00,5494860,82104,1244.00,1246.00,2490.00,1246,1244,0.00,0.00,0,0
1407027421,s2-eth1,5494860.00,82104.00,5576964.00,82104,5494860,1246.00,1244.00,2490.00,1244,1246,0.00,0.00,0,0
1407027421,s2-eth2,81972.00,5499270.00,5581242.00,5499270,81972,1242.00,1247.00,2489.00,1247,1242,0.00,0.00,0,0
1407027421,eth0,0.00,0.00,0.00,0,0,0.00,0.00,0.00,0,0,0.00,0.00,0,0
1407027421,lo,0.00,0.00,0.00,0,0,0.00,0.00,0.00,0,0,0.00,0.00,0,0
1407027421,s1,0.00,0.00,0.00,0,0,0.00,0.00,0.00,0,0,0.00,0.00,0,0
1407027421,s2,0.00,0.00,0.00,0,0,0.00,0.00,0.00,0,0,0.00,0.00,0,0
1407027421,total,11153796.00,11158404.00,22312200.00,11158404,11153796,4978.00,4982.00,9960.00,4982,4978,0.00,0.00,0,0
1407027422,s1-eth1,5510568.00,84348.00,5594916.00,84348,5510568,1352.00,1278.00,2630.00,1278,1352,0.00,0.00,0,0
1407027422,s1-eth2,84414.00,5510568.00,5594982.00,5510568,84414,1279.00,1352.00,2631.00,1352,1279,0.00,0.00,0,0
1407027422,s2-eth1,5510568.00,84414.00,5594982.00,84414,5510568,1352.00,1279.00,2631.00,1279,1352,0.00,0.00,0,0
1407027422,s2-eth2,84480.00,5514978.00,5599458.00,5514978,84480,1280.00,1353.00,2633.00,1353,1280,0.00,0.00,0,0
1407027422,eth0,0.00,0.00,0.00,0,0,0.00,0.00,0.00,0,0,0.00,0.00,0,0
1407027422,lo,576.00,576.00,1152.00,576,576,6.00,6.00,12.00,6,6,0.00,0.00,0,0
1407027422,s1,0.00,90.00,90.00,90,0,0.00,1.00,1.00,1,0,0.00,0.00,0,0
1407027422,s2,0.00,90.00,90.00,90,0,0.00,1.00,1.00,1,0,0.00,0.00,0,0
1407027422,total,11190606.00,11195064.00,22385670.00,11195064,11190606,5269.00,5270.00,10539.00,5270,5269,0.00,0.00,0,0
1407027423,s1-eth1,5485035.00,82313.69,5567349.00,82396,5490520,1244.76,1246.75,2491.51,1248,1246,0.00,0.00,0,0
1407027423,s1-eth2,82313.69,5493846.50,5576160.00,5499340,82396,1246.75,1246.75,2493.51,1248,1248,0.00,0.00,0,0
1407027423,s2-eth1,5493846.50,82313.69,5576160.00,82396,5499340,1246.75,1246.75,2493.51,1248,1248,0.00,0.00,0,0
1407027423,s2-eth2,82247.76,5493846.50,5576094.00,5499340,82330,1245.75,1246.75,2492.51,1248,1247,0.00,0.00,0,0
1407027423,eth0,0.00,0.00,0.00,0,0,0.00,0.00,0.00,0,0,0.00,0.00,0,0
1407027423,lo,1646.35,1646.35,3292.71,1648,1648,17.98,17.98,35.96,18,18,0.00,0.00,0,0
1407027423,s1,0.00,229.77,229.77,230,0,0.00,3.00,3.00,3,0,0.00,0.00,0,0
1407027423,s2,0.00,229.77,229.77,230,0,0.00,3.00,3.00,3,0,0.00,0.00,0,0
1407027423,total,11145089.00,11154426.00,22299516.00,11165580,11156234,5002.00,5010.99,10012.99,5016,5007,0.00,0.00,0,0
1407027424,s1-eth1,5503770.00,82302.00,5586072.00,82302,5503770,1249.00,1247.00,2496.00,1247,1249,0.00,0.00,0,0
1407027424,s1-eth2,82368.00,5494950.00,5577318.00,5494950,82368,1248.00,1247.00,2495.00,1247,1248,0.00,0.00,0,0
1407027424,s2-eth1,5494950.00,82368.00,5577318.00,82368,5494950,1247.00,1248.00,2495.00,1248,1247,0.00,0.00,0,0
1407027424,s2-eth2,82368.00,5499360.00,5581728.00,5499360,82368,1248.00,1248.00,2496.00,1248,1248,0.00,0.00,0,0
1407027424,eth0,0.00,0.00,0.00,0,0,0.00,0.00,0.00,0,0,0.00,0.00,0,0
1407027424,lo,576.00,576.00,1152.00,576,576,6.00,6.00,12.00,6,6,0.00,0.00,0,0
1407027424,s1,0.00,90.00,90.00,90,0,0.00,1.00,1.00,1,0,0.00,0.00,0,0
1407027424,s2,0.00,90.00,90.00,90,0,0.00,1.00,1.00,1,0,0.00,0.00,0,0
1407027424,total,11164032.00,11159736.00,22323768.00,11159736,11164032,4998.00,4998.00,9996.00,4998,4998,0.00,0.00,0,0
1407027425,s1-eth1,5468400.00,81840.00,5550240.00,81840,5468400,1240.00,1240.00,2480.00,1240,1240,0.00,0.00,0,0
1407027425,s1-eth2,81774.00,5472810.00,5554584.00,5472810,81774,1239.00,1241.00,2480.00,1241,1239,0.00,0.00,0,0
1407027425,s2-eth1,5472810.00,81774.00,5554584.00,81774,5472810,1241.00,1239.00,2480.00,1239,1241,0.00,0.00,0,0
1407027425,s2-eth2,81840.00,5468400.00,5550240.00,5468400,81840,1240.00,1240.00,2480.00,1240,1240,0.00,0.00,0,0
1407027425,eth0,0.00,0.00,0.00,0,0,0.00,0.00,0.00,0,0,0.00,0.00,0,0
1407027425,lo,0.00,0.00,0.00,0,0,0.00,0.00,0.00,0,0,0.00,0.00,0,0
1407027425,s1,0.00,0.00,0.00,0,0,0.00,0.00,0.00,0,0,0.00,0.00,0,0
1407027425,s2,0.00,0.00,0.00,0,0,0.00,0.00,0.00,0,0,0.00,0.00,0,0
1407027425,total,11104824.00,11104824.00,22209648.00,11104824,11104824,4960.00,4960.00,9920.00,4960,4960,0.00,0.00,0,0
1407027426,s1-eth1,5402250.00,80850.00,5483100.00,80850,5402250,1225.00,1225.00,2450.00,1225,1225,0.00,0.00,0,0
1407027426,s1-eth2,80916.00,5402250.00,5483166.00,5402250,80916,1226.00,1225.00,2451.00,1225,1226,0.00,0.00,0,0
1407027426,s2-eth1,5402250.00,80916.00,5483166.00,80916,5402250,1225.00,1226.00,2451.00,1226,1225,0.00,0.00,0,0
1407027426,s2-eth2,80982.00,5402250.00,5483232.00,5402250,80982,1227.00,1225.00,2452.00,1225,1227,0.00,0.00,0,0
1407027426,eth0,0.00,0.00,0.00,0,0,0.00,0.00,0.00,0,0,0.00,0.00,0,0
1407027426,lo,0.00,0.00,0.00,0,0,0.00,0.00,0.00,0,0,0.00,0.00,0,0
1407027426,s1,0.00,0.00,0.00,0,0,0.00,0.00,0.00,0,0,0.00,0.00,0,0
1407027426,s2,0.00,0.00,0.00,0,0,0.00,0.00,0.00,0,0,0.00,0.00,0,0
1407027426,total,10966398.00,10966266.00,21932664.00,10966266,10966398,4903.00,4901.00,9804.00,4901,4903,0.00,0.00,0,0
1407027427,s1-eth1,5459650.00,81778.00,5541428.00,81778,5459650,1239.00,1239.00,2478.00,1239,1239,0.00,0.00,0,0
1407027427,s1-eth2,81712.00,5459650.00,5541362.00,5459650,81712,1238.00,1239.00,2477.00,1239,1238,0.00,0.00,0,0
1407027427,s2-eth1,5459650.00,81712.00,5541362.00,81712,5459650,1239.00,1238.00,2477.00,1238,1239,0.00,0.00,0,0
1407027427,s2-eth2,81712.00,5459650.00,5541362.00,5459650,81712,1238.00,1239.00,2477.00,1239,1238,0.00,0.00,0,0
1407027427,eth0,0.00,0.00,0.00,0,0,0.00,0.00,0.00,0,0,0.00,0.00,0,0
1407027427,lo,1072.00,1072.00,2144.00,1072,1072,12.00,12.00,24.00,12,12,0.00,0.00,0,0
1407027427,s1,0.00,140.00,140.00,140,0,0.00,2.00,2.00,2,0,0.00,0.00,0,0
1407027427,s2,0.00,140.00,140.00,140,0,0.00,2.00,2.00,2,0,0.00,0.00,0,0
1407027427,total,11083796.00,11084142.00,22167938.00,11084142,11083796,4966.00,4971.00,9937.00,4971,4966,0.00,0.00,0,0
1407027428,s1-eth1,5419890.00,81114.00,5501004.00,81114,5419890,1229.00,1229.00,2458.00,1229,1229,0.00,0.00,0,0
1407027428,s1-eth2,81114.00,5419890.00,5501004.00,5419890,81114,1229.00,1229.00,2458.00,1229,1229,0.00,0.00,0,0
1407027428,s2-eth1,5419890.00,81114.00,5501004.00,81114,5419890,1229.00,1229.00,2458.00,1229,1229,0.00,0.00,0,0
1407027428,s2-eth2,81048.00,5419890.00,5500938.00,5419890,81048,1228.00,1229.00,2457.00,1229,1228,0.00,0.00,0,0
1407027428,eth0,0.00,0.00,0.00,0,0,0.00,0.00,0.00,0,0,0.00,0.00,0,0
1407027428,lo,0.00,0.00,0.00,0,0,0.00,0.00,0.00,0,0,0.00,0.00,0,0
1407027428,s1,0.00,0.00,0.00,0,0,0.00,0.00,0.00,0,0,0.00,0.00,0,0
1407027428,s2,0.00,0.00,0.00,0,0,0.00,0.00,0.00,0,0,0.00,0.00,0,0
1407027428,total,11001942.00,11002008.00,22003950.00,11002008,11001942,4915.00,4916.00,9831.00,4916,4915,0.00,0.00,0,0
1407027429,s1-eth1,5376454.00,80718.00,5457172.00,80718,5376454,1251.00,1223.00,2474.00,1223,1251,0.00,0.00,0,0
1407027429,s1-eth2,80850.00,5378430.00,5459280.00,5378430,80850,1225.00,1259.00,2484.00,1259,1225,0.00,0.00,0,0
1407027429,s2-eth1,5378430.00,80850.00,5459280.00,80850,5378430,1259.00,1225.00,2484.00,1225,1259,0.00,0.00,0,0
1407027429,s2-eth2,80916.00,5378892.00,5459808.00,5378892,80916,1226.00,1266.00,2492.00,1266,1226,0.00,0.00,0,0
1407027429,eth0,0.00,0.00,0.00,0,0,0.00,0.00,0.00,0,0,0.00,0.00,0,0
1407027429,lo,0.00,0.00,0.00,0,0,0.00,0.00,0.00,0,0,0.00,0.00,0,0
1407027429,s1,0.00,0.00,0.00,0,0,0.00,0.00,0.00,0,0,0.00,0.00,0,0
1407027429,s2,0.00,0.00,0.00,0,0,0.00,0.00,0.00,0,0,0.00,0.00,0,0
1407027429,total,10916650.00,10918890.00,21835540.00,10918890,10916650,4961.00,4973.00,9934.00,4973,4961,0.00,0.00,0,0
1407027430,s1-eth1,5481150.00,90684.00,5571834.00,90684,5481150,1499.00,1374.00,2873.00,1374,1499,0.00,0.00,0,0
1407027430,s1-eth2,90552.00,5483584.00,5574136.00,5483584,90552,1372.00,1492.00,2864.00,1492,1372,0.00,0.00,0,0
1407027430,s2-eth1,5483584.00,90552.00,5574136.00,90552,5483584,1492.00,1372.00,2864.00,1372,1492,0.00,0.00,0,0
1407027430,s2-eth2,90552.00,5483122.00,5573674.00,5483122,90552,1372.00,1485.00,2857.00,1485,1372,0.00,0.00,0,0
1407027430,eth0,0.00,0.00,0.00,0,0,0.00,0.00,0.00,0,0,0.00,0.00,0,0
1407027430,lo,0.00,0.00,0.00,0,0,0.00,0.00,0.00,0,0,0.00,0.00,0,0
1407027430,s1,0.00,0.00,0.00,0,0,0.00,0.00,0.00,0,0,0.00,0.00,0,0
1407027430,s2,0.00,0.00,0.00,0,0,0.00,0.00,0.00,0,0,0.00,0.00,0,0
1407027430,total,11145838.00,11147942.00,22293780.00,11147942,11145838,5735.00,5723.00,11458.00,5723,5735,0.00,0.00,0,0
1407027431,s1-eth1,5450760.00,81576.00,5532336.00,81576,5450760,1236.00,1236.00,2472.00,1236,1236,0.00,0.00,0,0
1407027431,s1-eth2,81576.00,5450760.00,5532336.00,5450760,81576,1236.00,1236.00,2472.00,1236,1236,0.00,0.00,0,0
1407027431,s2-eth1,5450760.00,81576.00,5532336.00,81576,5450760,1236.00,1236.00,2472.00,1236,1236,0.00,0.00,0,0
1407027431,s2-eth2,81510.00,5450760.00,5532270.00,5450760,81510,1235.00,1236.00,2471.00,1236,1235,0.00,0.00,0,0
1407027431,eth0,0.00,0.00,0.00,0,0,0.00,0.00,0.00,0,0,0.00,0.00,0,0
1407027431,lo,0.00,0.00,0.00,0,0,0.00,0.00,0.00,0,0,0.00,0.00,0,0
1407027431,s1,0.00,0.00,0.00,0,0,0.00,0.00,0.00,0,0,0.00,0.00,0,0
1407027431,s2,0.00,0.00,0.00,0,0,0.00,0.00,0.00,0,0,0.00,0.00,0,0
1407027431,total,11064606.00,11064672.00,22129278.00,11064672,11064606,4943.00,4944.00,9887.00,4944,4943,0.00,0.00,0,0
1407027432,s1-eth1,5455170.00,81642.00,5536812.00,81642,5455170,1237.00,1237.00,2474.00,1237,1237,0.00,0.00,0,0
1407027432,s1-eth2,81576.00,5455170.00,5536746.00,5455170,81576,1236.00,1237.00,2473.00,1237,1236,0.00,0.00,0,0
1407027432,s2-eth1,5455170.00,81576.00,5536746.00,81576,5455170,1237.00,1236.00,2473.00,1236,1237,0.00,0.00,0,0
1407027432,s2-eth2,81576.00,5459580.00,5541156.00,5459580,81576,1236.00,1238.00,2474.00,1238,1236,0.00,0.00,0,0
1407027432,eth0,0.00,0.00,0.00,0,0,0.00,0.00,0.00,0,0,0.00,0.00,0,0
1407027432,lo,344.00,344.00,688.00,344,344,6.00,6.00,12.00,6,6,0.00,0.00,0,0
1407027432,s1,0.00,0.00,0.00,0,0,0.00,0.00,0.00,0,0,0.00,0.00,0,0
1407027432,s2,0.00,0.00,0.00,0,0,0.00,0.00,0.00,0,0,0.00,0.00,0,0
1407027432,total,11073836.00,11078312.00,22152148.00,11078312,11073836,4952.00,4954.00,9906.00,4954,4952,0.00,0.00,0,0
1407027433,s1-eth1,5384610.00,80652.00,5465262.00,80652,5384610,1221.00,1222.00,2443.00,1222,1221,0.00,0.00,0,0
1407027433,s1-eth2,80718.00,5393430.00,5474148.00,5393430,80718,1223.00,1223.00,2446.00,1223,1223,0.00,0.00,0,0
1407027433,s2-eth1,5393430.00,80718.00,5474148.00,80718,5393430,1223.00,1223.00,2446.00,1223,1223,0.00,0.00,0,0
1407027433,s2-eth2,80784.00,5393430.00,5474214.00,5393430,80784,1224.00,1223.00,2447.00,1223,1224,0.00,0.00,0,0
1407027433,eth0,0.00,0.00,0.00,0,0,0.00,0.00,0.00,0,0,0.00,0.00,0,0
1407027433,lo,0.00,0.00,0.00,0,0,0.00,0.00,0.00,0,0,0.00,0.00,0,0
1407027433,s1,0.00,0.00,0.00,0,0,0.00,0.00,0.00,0,0,0.00,0.00,0,0
1407027433,s2,0.00,0.00,0.00,0,0,0.00,0.00,0.00,0,0,0.00,0.00,0,0
1407027433,total,10939542.00,10948230.00,21887772.00,10948230,10939542,4891.00,4891.00,9782.00,4891,4891,0.00,0.00,0,0
1407027434,s1-eth1,5414475.50,81032.97,5495508.50,81114,5419890,1227.77,1227.77,2455.54,1229,1229,0.00,0.00,0,0
1407027434,s1-eth2,81032.97,5414475.50,5495508.50,5419890,81114,1227.77,1227.77,2455.54,1229,1229,0.00,0.00,0,0
1407027434,s2-eth1,5414475.50,81032.97,5495508.50,81114,5419890,1227.77,1227.77,2455.54,1229,1229,0.00,0.00,0,0
1407027434,s2-eth2,80967.04,5410070.00,5491037.00,5415480,81048,1226.77,1226.77,2453.55,1228,1228,0.00,0.00,0,0
1407027434,eth0,363.64,371.63,735.26,372,364,4.00,4.00,7.99,4,4,0.00,0.00,0,0
1407027434,lo,0.00,0.00,0.00,0,0,0.00,0.00,0.00,0,0,0.00,0.00,0,0
1407027434,s1,0.00,0.00,0.00,0,0,0.00,0.00,0.00,0,0,0.00,0.00,0,0
1407027434,s2,0.00,0.00,0.00,0,0,0.00,0.00,0.00,0,0,0.00,0.00,0,0
1407027434,total,10991315.00,10986983.00,21978298.00,10997970,11002306,4914.09,4914.09,9828.17,4919,4919,0.00,0.00,0,0
1407027435,s1-eth1,5380200.00,80520.00,5460720.00,80520,5380200,1220.00,1220.00,2440.00,1220,1220,0.00,0.00,0,0
1407027435,s1-eth2,80520.00,5380200.00,5460720.00,5380200,80520,1220.00,1220.00,2440.00,1220,1220,0.00,0.00,0,0
1407027435,s2-eth1,5380200.00,80520.00,5460720.00,80520,5380200,1220.00,1220.00,2440.00,1220,1220,0.00,0.00,0,0
1407027435,s2-eth2,80454.00,5384610.00,5465064.00,5384610,80454,1219.00,1221.00,2440.00,1221,1219,0.00,0.00,0,0
1407027435,eth0,0.00,0.00,0.00,0,0,0.00,0.00,0.00,0,0,0.00,0.00,0,0
1407027435,lo,0.00,0.00,0.00,0,0,0.00,0.00,0.00,0,0,0.00,0.00,0,0
1407027435,s1,0.00,0.00,0.00,0,0,0.00,0.00,0.00,0,0,0.00,0.00,0,0
1407027435,s2,0.00,0.00,0.00,0,0,0.00,0.00,0.00,0,0,0.00,0.00,0,0
1407027435,total,10921374.00,10925850.00,21847224.00,10925850,10921374,4879.00,4881.00,9760.00,4881,4879,0.00,0.00,0,0
1407027436,s1-eth1,5484965.00,82021.98,5566987.00,82104,5490450,1243.76,1242.76,2486.51,1244,1245,0.00,0.00,0,0
1407027436,s1-eth2,82021.98,5484965.00,5566987.00,5490450,82104,1242.76,1243.76,2486.51,1245,1244,0.00,0.00,0,0
1407027436,s2-eth1,5484965.00,82021.98,5566987.00,82104,5490450,1243.76,1242.76,2486.51,1244,1245,0.00,0.00,0,0
1407027436,s2-eth2,82087.91,5480559.50,5562647.50,5486040,82170,1243.76,1242.76,2486.51,1244,1245,0.00,0.00,0,0
1407027436,eth0,0.00,0.00,0.00,0,0,0.00,0.00,0.00,0,0,0.00,0.00,0,0
1407027436,lo,0.00,0.00,0.00,0,0,0.00,0.00,0.00,0,0,0.00,0.00,0,0
1407027436,s1,0.00,0.00,0.00,0,0,0.00,0.00,0.00,0,0,0.00,0.00,0,0
1407027436,s2,0.00,0.00,0.00,0,0,0.00,0.00,0.00,0,0,0.00,0.00,0,0
1407027436,total,11134040.00,11129569.00,22263608.00,11140698,11145174,4974.03,4972.03,9946.05,4977,4979,0.00,0.00,0,0
1407027437,s1-eth1,5449720.50,81494.51,5531215.00,81576,5455170,1235.76,1234.77,2470.53,1236,1237,0.00,0.00,0,0
1407027437,s1-eth2,81494.51,5449720.50,5531215.00,5455170,81576,1234.77,1235.76,2470.53,1237,1236,0.00,0.00,0,0
1407027437,s2-eth1,5449720.50,81494.51,5531215.00,81576,5455170,1235.76,1234.77,2470.53,1236,1237,0.00,0.00,0,0
1407027437,s2-eth2,81494.51,5449720.50,5531215.00,5455170,81576,1234.77,1235.76,2470.53,1237,1236,0.00,0.00,0,0
1407027437,eth0,0.00,0.00,0.00,0,0,0.00,0.00,0.00,0,0,0.00,0.00,0,0
1407027437,lo,343.66,343.66,687.31,344,344,5.99,5.99,11.99,6,6,0.00,0.00,0,0
1407027437,s1,0.00,0.00,0.00,0,0,0.00,0.00,0.00,0,0,0.00,0.00,0,0
1407027437,s2,0.00,0.00,0.00,0,0,0.00,0.00,0.00,0,0,0.00,0.00,0,0
1407027437,total,11062774.00,11062774.00,22125548.00,11073836,11073836,4947.05,4947.05,9894.11,4952,4952,0.00,0.00,0,0
1407027438,s1-eth1,5362560.00,80322.00,5442882.00,80322,5362560,1216.00,1217.00,2433.00,1217,1216,0.00,0.00,0,0
1407027438,s1-eth2,80256.00,5362560.00,5442816.00,5362560,80256,1216.00,1216.00,2432.00,1216,1216,0.00,0.00,0,0
1407027438,s2-eth1,5362560.00,80256.00,5442816.00,80256,5362560,1216.00,1216.00,2432.00,1216,1216,0.00,0.00,0,0
1407027438,s2-eth2,80322.00,5362560.00,5442882.00,5362560,80322,1217.00,1216.00,2433.00,1216,1217,0.00,0.00,0,0
1407027438,eth0,0.00,0.00,0.00,0,0,0.00,0.00,0.00,0,0,0.00,0.00,0,0
1407027438,lo,0.00,0.00,0.00,0,0,0.00,0.00,0.00,0,0,0.00,0.00,0,0
1407027438,s1,0.00,0.00,0.00,0,0,0.00,0.00,0.00,0,0,0.00,0.00,0,0
1407027438,s2,0.00,0.00,0.00,0,0,0.00,0.00,0.00,0,0,0.00,0.00,0,0
1407027438,total,10885698.00,10885698.00,21771396.00,10885698,10885698,4865.00,4865.00,9730.00,4865,4865,0.00,0.00,0,0
1407027439,s1-eth1,5415480.00,81048.00,5496528.00,81048,5415480,1228.00,1228.00,2456.00,1228,1228,0.00,0.00,0,0
1407027439,s1-eth2,81048.00,5419890.00,5500938.00,5419890,81048,1228.00,1229.00,2457.00,1229,1228,0.00,0.00,0,0
1407027439,s2-eth1,5419890.00,81048.00,5500938.00,81048,5419890,1229.00,1228.00,2457.00,1228,1229,0.00,0.00,0,0
1407027439,s2-eth2,81048.00,5419890.00,5500938.00,5419890,81048,1228.00,1229.00,2457.00,1229,1228,0.00,0.00,0,0
1407027439,eth0,0.00,508.00,508.00,508,0,0.00,1.00,1.00,1,0,0.00,0.00,0,0
1407027439,lo,0.00,0.00,0.00,0,0,0.00,0.00,0.00,0,0,0.00,0.00,0,0
1407027439,s1,0.00,0.00,0.00,0,0,0.00,0.00,0.00,0,0,0.00,0.00,0,0
1407027439,s2,0.00,0.00,0.00,0,0,0.00,0.00,0.00,0,0,0.00,0.00,0,0
1407027439,total,10997466.00,11002384.00,21999850.00,11002384,10997466,4913.00,4915.00,9828.00,4915,4913,0.00,0.00,0,0
1407027440,s1-eth1,5411070.00,81048.00,5492118.00,81048,5411070,1227.00,1228.00,2455.00,1228,1227,0.00,0.00,0,0
1407027440,s1-eth2,81114.00,5406660.00,5487774.00,5406660,81114,1229.00,1226.00,2455.00,1226,1229,0.00,0.00,0,0
1407027440,s2-eth1,5406660.00,81114.00,5487774.00,81114,5406660,1226.00,1229.00,2455.00,1229,1226,0.00,0.00,0,0
1407027440,s2-eth2,81048.00,5406660.00,5487708.00,5406660,81048,1228.00,1226.00,2454.00,1226,1228,0.00,0.00,0,0
1407027440,eth0,0.00,0.00,0.00,0,0,0.00,0.00,0.00,0,0,0.00,0.00,0,0
1407027440,lo,0.00,0.00,0.00,0,0,0.00,0.00,0.00,0,0,0.00,0.00,0,0
1407027440,s1,0.00,0.00,0.00,0,0,0.00,0.00,0.00,0,0,0.00,0.00,0,0
1407027440,s2,0.00,0.00,0.00,0,0,0.00,0.00,0.00,0,0,0.00,0.00,0,0
1407027440,total,10979892.00,10975482.00,21955374.00,10975482,10979892,4910.00,4909.00,9819.00,4909,4910,0.00,0.00,0,0
1407027441,s1-eth1,5462694.00,83754.00,5546448.00,83754,5462694,1351.00,1269.00,2620.00,1269,1351,0.00,0.00,0,0
1407027441,s1-eth2,83820.00,5467104.00,5550924.00,5467104,83820,1270.00,1352.00,2622.00,1352,1270,0.00,0.00,0,0
1407027441,s2-eth1,5467104.00,83820.00,5550924.00,83820,5467104,1352.00,1270.00,2622.00,1270,1352,0.00,0.00,0,0
1407027441,s2-eth2,83820.00,5462694.00,5546514.00,5462694,83820,1270.00,1351.00,2621.00,1351,1270,0.00,0.00,0,0
1407027441,eth0,0.00,0.00,0.00,0,0,0.00,0.00,0.00,0,0,0.00,0.00,0,0
1407027441,lo,0.00,0.00,0.00,0,0,0.00,0.00,0.00,0,0,0.00,0.00,0,0
1407027441,s1,0.00,0.00,0.00,0,0,0.00,0.00,0.00,0,0,0.00,0.00,0,0
1407027441,s2,0.00,0.00,0.00,0,0,0.00,0.00,0.00,0,0,0.00,0.00,0,0
1407027441,total,11097438.00,11097372.00,22194810.00,11097372,11097438,5243.00,5242.00,10485.00,5242,5243,0.00,0.00,0,0
1407027442,s1-eth1,5463990.00,81774.00,5545764.00,81774,5463990,1239.00,1239.00,2478.00,1239,1239,0.00,0.00,0,0
1407027442,s1-eth2,81708.00,5468400.00,5550108.00,5468400,81708,1238.00,1240.00,2478.00,1240,1238,0.00,0.00,0,0
1407027442,s2-eth1,5468400.00,81708.00,5550108.00,81708,5468400,1240.00,1238.00,2478.00,1238,1240,0.00,0.00,0,0
1407027442,s2-eth2,81708.00,5468400.00,5550108.00,5468400,81708,1238.00,1240.00,2478.00,1240,1238,0.00,0.00,0,0
1407027442,eth0,0.00,0.00,0.00,0,0,0.00,0.00,0.00,0,0,0.00,0.00,0,0
1407027442,lo,344.00,344.00,688.00,344,344,6.00,6.00,12.00,6,6,0.00,0.00,0,0
1407027442,s1,0.00,0.00,0.00,0,0,0.00,0.00,0.00,0,0,0.00,0.00,0,0
1407027442,s2,0.00,0.00,0.00,0,0,0.00,0.00,0.00,0,0,0.00,0.00,0,0
1407027442,total,11096150.00,11100626.00,22196776.00,11100626,11096150,4961.00,4963.00,9924.00,4963,4961,0.00,0.00,0,0
1407027443,s1-eth1,5393430.00,80784.00,5474214.00,80784,5393430,1223.00,1224.00,2447.00,1224,1223,0.00,0.00,0,0
1407027443,s1-eth2,80850.00,5393430.00,5474280.00,5393430,80850,1225.00,1223.00,2448.00,1223,1225,0.00,0.00,0,0
1407027443,s2-eth1,5393430.00,80850.00,5474280.00,80850,5393430,1223.00,1225.00,2448.00,1225,1223,0.00,0.00,0,0
1407027443,s2-eth2,80850.00,5402250.00,5483100.00,5402250,80850,1225.00,1225.00,2450.00,1225,1225,0.00,0.00,0,0
1407027443,eth0,0.00,0.00,0.00,0,0,0.00,0.00,0.00,0,0,0.00,0.00,0,0
1407027443,lo,0.00,0.00,0.00,0,0,0.00,0.00,0.00,0,0,0.00,0.00,0,0
1407027443,s1,0.00,0.00,0.00,0,0,0.00,0.00,0.00,0,0,0.00,0.00,0,0
1407027443,s2,0.00,0.00,0.00,0,0,0.00,0.00,0.00,0,0,0.00,0.00,0,0
1407027443,total,10948560.00,10957314.00,21905874.00,10957314,10948560,4896.00,4897.00,9793.00,4897,4896,0.00,0.00,0,0
1407027444,s1-eth1,5411070.00,80916.00,5491986.00,80916,5411070,1227.00,1226.00,2453.00,1226,1227,0.00,0.00,0,0
1407027444,s1-eth2,80784.00,5411070.00,5491854.00,5411070,80784,1224.00,1227.00,2451.00,1227,1224,0.00,0.00,0,0
1407027444,s2-eth1,5411070.00,80784.00,5491854.00,80784,5411070,1227.00,1224.00,2451.00,1224,1227,0.00,0.00,0,0
1407027444,s2-eth2,80784.00,5411070.00,5491854.00,5411070,80784,1224.00,1227.00,2451.00,1227,1224,0.00,0.00,0,0
1407027444,eth0,0.00,0.00,0.00,0,0,0.00,0.00,0.00,0,0,0.00,0.00,0,0
1407027444,lo,0.00,0.00,0.00,0,0,0.00,0.00,0.00,0,0,0.00,0.00,0,0
1407027444,s1,0.00,0.00,0.00,0,0,0.00,0.00,0.00,0,0,0.00,0.00,0,0
1407027444,s2,0.00,0.00,0.00,0,0,0.00,0.00,0.00,0,0,0.00,0.00,0,0
1407027444,total,10983708.00,10983840.00,21967548.00,10983840,10983708,4902.00,4904.00,9806.00,4904,4902,0.00,0.00,0,0
1407027445,s1-eth1,5380200.00,80586.00,5460786.00,80586,5380200,1220.00,1221.00,2441.00,1221,1220,0.00,0.00,0,0
1407027445,s1-eth2,80718.00,5389020.00,5469738.00,5389020,80718,1223.00,1222.00,2445.00,1222,1223,0.00,0.00,0,0
1407027445,s2-eth1,5389020.00,80718.00,5469738.00,80718,5389020,1222.00,1223.00,2445.00,1223,1222,0.00,0.00,0,0
1407027445,s2-eth2,80718.00,5384610.00,5465328.00,5384610,80718,1223.00,1221.00,2444.00,1221,1223,0.00,0.00,0,0
1407027445,eth0,0.00,0.00,0.00,0,0,0.00,0.00,0.00,0,0,0.00,0.00,0,0
1407027445,lo,0.00,0.00,0.00,0,0,0.00,0.00,0.00,0,0,0.00,0.00,0,0
1407027445,s1,0.00,0.00,0.00,0,0,0.00,0.00,0.00,0,0,0.00,0.00,0,0
1407027445,s2,0.00,0.00,0.00,0,0,0.00,0.00,0.00,0,0,0.00,0.00,0,0
1407027445,total,10930656.00,10934934.00,21865590.00,10934934,10930656,4888.00,4887.00,9775.00,4887,4888,0.00,0.00,0,0
1407027446,s1-eth1,5424300.00,81180.00,5505480.00,81180,5424300,1230.00,1230.00,2460.00,1230,1230,0.00,0.00,0,0
1407027446,s1-eth2,81114.00,5419890.00,5501004.00,5419890,81114,1229.00,1229.00,2458.00,1229,1229,0.00,0.00,0,0
1407027446,s2-eth1,5419890.00,81114.00,5501004.00,81114,5419890,1229.00,1229.00,2458.00,1229,1229,0.00,0.00,0,0
1407027446,s2-eth2,81114.00,5424300.00,5505414.00,5424300,81114,1229.00,1230.00,2459.00,1230,1229,0.00,0.00,0,0
1407027446,eth0,0.00,0.00,0.00,0,0,0.00,0.00,0.00,0,0,0.00,0.00,0,0
1407027446,lo,0.00,0.00,0.00,0,0,0.00,0.00,0.00,0,0,0.00,0.00,0,0
1407027446,s1,0.00,0.00,0.00,0,0,0.00,0.00,0.00,0,0,0.00,0.00,0,0
1407027446,s2,0.00,0.00,0.00,0,0,0.00,0.00,0.00,0,0,0.00,0.00,0,0
1407027446,total,11006418.00,11006484.00,22012902.00,11006484,11006418,4917.00,4918.00,9835.00,4918,4917,0.00,0.00,0,0
1407027447,s1-eth1,5406660.00,80916.00,5487576.00,80916,5406660,1226.00,1226.00,2452.00,1226,1226,0.00,0.00,0,0
1407027447,s1-eth2,80982.00,5411070.00,5492052.00,5411070,80982,1227.00,1227.00,2454.00,1227,1227,0.00,0.00,0,0
1407027447,s2-eth1,5411070.00,80982.00,5492052.00,80982,5411070,1227.00,1227.00,2454.00,1227,1227,0.00,0.00,0,0
1407027447,s2-eth2,80982.00,5411070.00,5492052.00,5411070,80982,1227.00,1227.00,2454.00,1227,1227,0.00,0.00,0,0
1407027447,eth0,0.00,0.00,0.00,0,0,0.00,0.00,0.00,0,0,0.00,0.00,0,0
1407027447,lo,344.00,344.00,688.00,344,344,6.00,6.00,12.00,6,6,0.00,0.00,0,0
1407027447,s1,0.00,0.00,0.00,0,0,0.00,0.00,0.00,0,0,0.00,0.00,0,0
1407027447,s2,0.00,0.00,0.00,0,0,0.00,0.00,0.00,0,0,0.00,0.00,0,0
1407027447,total,10980038.00,10984382.00,21964420.00,10984382,10980038,4913.00,4913.00,9826.00,4913,4913,0.00,0.00,0,0
1407027448,s1-eth1,5415480.00,81114.00,5496594.00,81114,5415480,1228.00,1229.00,2457.00,1229,1228,0.00,0.00,0,0
1407027448,s1-eth2,81114.00,5415480.00,5496594.00,5415480,81114,1229.00,1228.00,2457.00,1228,1229,0.00,0.00,0,0
1407027448,s2-eth1,5415480.00,81114.00,5496594.00,81114,5415480,1228.00,1229.00,2457.00,1229,1228,0.00,0.00,0,0
1407027448,s2-eth2,81048.00,5415480.00,5496528.00,5415480,81048,1228.00,1228.00,2456.00,1228,1228,0.00,0.00,0,0
1407027448,eth0,0.00,86.00,86.00,86,0,0.00,1.00,1.00,1,0,0.00,0.00,0,0
1407027448,lo,0.00,0.00,0.00,0,0,0.00,0.00,0.00,0,0,0.00,0.00,0,0
1407027448,s1,0.00,0.00,0.00,0,0,0.00,0.00,0.00,0,0,0.00,0.00,0,0
1407027448,s2,0.00,0.00,0.00,0,0,0.00,0.00,0.00,0,0,0.00,0.00,0,0
1407027448,total,10993122.00,10993274.00,21986396.00,10993274,10993122,4913.00,4915.00,9828.00,4915,4913,0.00,0.00,0,0
1407027449,s1-eth1,5415480.00,80916.00,5496396.00,80916,5415480,1228.00,1226.00,2454.00,1226,1228,0.00,0.00,0,0
1407027449,s1-eth2,80784.00,5406660.00,5487444.00,5406660,80784,1224.00,1226.00,2450.00,1226,1224,0.00,0.00,0,0
1407027449,s2-eth1,5406660.00,80784.00,5487444.00,80784,5406660,1226.00,1224.00,2450.00,1224,1226,0.00,0.00,0,0
1407027449,s2-eth2,80850.00,5411070.00,5491920.00,5411070,80850,1225.00,1227.00,2452.00,1227,1225,0.00,0.00,0,0
1407027449,eth0,0.00,0.00,0.00,0,0,0.00,0.00,0.00,0,0,0.00,0.00,0,0
1407027449,lo,0.00,0.00,0.00,0,0,0.00,0.00,0.00,0,0,0.00,0.00,0,0
1407027449,s1,0.00,0.00,0.00,0,0,0.00,0.00,0.00,0,0,0.00,0.00,0,0
1407027449,s2,0.00,0.00,0.00,0,0,0.00,0.00,0.00,0,0,0.00,0.00,0,0
1407027449,total,10983774.00,10979430.00,21963204.00,10979430,10983774,4903.00,4903.00,9806.00,4903,4903,0.00,0.00,0,0
1407027450,s1-eth1,5441940.00,81444.00,5523384.00,81444,5441940,1234.00,1234.00,2468.00,1234,1234,0.00,0.00,0,0
1407027450,s1-eth2,81510.00,5441940.00,5523450.00,5441940,81510,1235.00,1234.00,2469.00,1234,1235,0.00,0.00,0,0
1407027450,s2-eth1,5441940.00,81510.00,5523450.00,81510,5441940,1234.00,1235.00,2469.00,1235,1234,0.00,0.00,0,0
1407027450,s2-eth2,81510.00,5437530.00,5519040.00,5437530,81510,1235.00,1233.00,2468.00,1233,1235,0.00,0.00,0,0
1407027450,eth0,0.00,0.00,0.00,0,0,0.00,0.00,0.00,0,0,0.00,0.00,0,0
1407027450,lo,0.00,0.00,0.00,0,0,0.00,0.00,0.00,0,0,0.00,0.00,0,0
1407027450,s1,0.00,0.00,0.00,0,0,0.00,0.00,0.00,0,0,0.00,0.00,0,0
1407027450,s2,0.00,0.00,0.00,0,0,0.00,0.00,0.00,0,0,0.00,0.00,0,0
1407027450,total,11046900.00,11042424.00,22089324.00,11042424,11046900,4938.00,4936.00,9874.00,4936,4938,0.00,0.00,0,0
1407027451,s1-eth1,5578650.00,83556.00,5662206.00,83556,5578650,1265.00,1266.00,2531.00,1266,1265,0.00,0.00,0,0
1407027451,s1-eth2,83556.00,5578650.00,5662206.00,5578650,83556,1266.00,1265.00,2531.00,1265,1266,0.00,0.00,0,0
1407027451,s2-eth1,5578650.00,83556.00,5662206.00,83556,5578650,1265.00,1266.00,2531.00,1266,1265,0.00,0.00,0,0
1407027451,s2-eth2,83556.00,5578650.00,5662206.00,5578650,83556,1266.00,1265.00,2531.00,1265,1266,0.00,0.00,0,0
1407027451,eth0,0.00,0.00,0.00,0,0,0.00,0.00,0.00,0,0,0.00,0.00,0,0
1407027451,lo,0.00,0.00,0.00,0,0,0.00,0.00,0.00,0,0,0.00,0.00,0,0
1407027451,s1,0.00,0.00,0.00,0,0,0.00,0.00,0.00,0,0,0.00,0.00,0,0
1407027451,s2,0.00,0.00,0.00,0,0,0.00,0.00,0.00,0,0,0.00,0.00,0,0
1407027451,total,11324412.00,11324412.00,22648824.00,11324412,11324412,5062.00,5062.00,10124.00,5062,5062,0.00,0.00,0,0
1407027452,s1-eth1,5670426.00,87186.00,5757612.00,87186,5670426,1405.00,1321.00,2726.00,1321,1405,0.00,0.00,0,0
1407027452,s1-eth2,87120.00,5666412.00,5753532.00,5666412,87120,1320.00,1410.00,2730.00,1410,1320,0.00,0.00,0,0
1407027452,s2-eth1,5666412.00,87120.00,5753532.00,87120,5666412,1410.00,1320.00,2730.00,1320,1410,0.00,0.00,0,0
1407027452,s2-eth2,86856.00,5666940.00,5753796.00,5666940,86856,1316.00,1418.00,2734.00,1418,1316,0.00,0.00,0,0
1407027452,eth0,0.00,92.00,92.00,92,0,0.00,1.00,1.00,1,0,0.00,0.00,0,0
1407027452,lo,344.00,344.00,688.00,344,344,6.00,6.00,12.00,6,6,0.00,0.00,0,0
1407027452,s1,0.00,0.00,0.00,0,0,0.00,0.00,0.00,0,0,0.00,0.00,0,0
1407027452,s2,0.00,0.00,0.00,0,0,0.00,0.00,0.00,0,0,0.00,0.00,0,0
1407027452,total,11511158.00,11508094.00,23019252.00,11508094,11511158,5457.00,5476.00,10933.00,5476,5457,0.00,0.00,0,0
1407027453,s1-eth1,5563542.00,90618.00,5654160.00,90618,5563542,1431.00,1373.00,2804.00,1373,1431,0.00,0.00,0,0
1407027453,s1-eth2,90684.00,5567556.00,5658240.00,5567556,90684,1374.00,1426.00,2800.00,1426,1374,0.00,0.00,0,0
1407027453,s2-eth1,5567556.00,90684.00,5658240.00,90684,5567556,1426.00,1374.00,2800.00,1374,1426,0.00,0.00,0,0
1407027453,s2-eth2,90948.00,5562618.00,5653566.00,5562618,90948,1378.00,1417.00,2795.00,1417,1378,0.00,0.00,0,0
1407027453,eth0,0.00,0.00,0.00,0,0,0.00,0.00,0.00,0,0,0.00,0.00,0,0
1407027453,lo,0.00,0.00,0.00,0,0,0.00,0.00,0.00,0,0,0.00,0.00,0,0
1407027453,s1,0.00,0.00,0.00,0,0,0.00,0.00,0.00,0,0,0.00,0.00,0,0
1407027453,s2,0.00,0.00,0.00,0,0,0.00,0.00,0.00,0,0,0.00,0.00,0,0
1407027453,total,11312730.00,11311476.00,22624206.00,11311476,11312730,5609.00,5590.00,11199.00,5590,5609,0.00,0.00,0,0
1407027454,s1-eth1,5627160.00,84084.00,5711244.00,84084,5627160,1276.00,1274.00,2550.00,1274,1276,0.00,0.00,0,0
1407027454,s1-eth2,84018.00,5631570.00,5715588.00,5631570,84018,1273.00,1277.00,2550.00,1277,1273,0.00,0.00,0,0
1407027454,s2-eth1,5631570.00,84018.00,5715588.00,84018,5631570,1277.00,1273.00,2550.00,1273,1277,0.00,0.00,0,0
1407027454,s2-eth2,84084.00,5631570.00,5715654.00,5631570,84084,1274.00,1277.00,2551.00,1277,1274,0.00,0.00,0,0
1407027454,eth0,0.00,0.00,0.00,0,0,0.00,0.00,0.00,0,0,0.00,0.00,0,0
1407027454,lo,0.00,0.00,0.00,0,0,0.00,0.00,0.00,0,0,0.00,0.00,0,0
1407027454,s1,0.00,0.00,0.00,0,0,0.00,0.00,0.00,0,0,0.00,0.00,0,0
1407027454,s2,0.00,0.00,0.00,0,0,0.00,0.00,0.00,0,0,0.00,0.00,0,0
1407027454,total,11426832.00,11431242.00,22858074.00,11431242,11426832,5100.00,5101.00,10201.00,5101,5100,0.00,0.00,0,0
1407027455,s1-eth1,5674208.00,80769.23,5754977.00,80850,5679882,1283.72,1223.78,2507.49,1225,1285,0.00,0.00,0,0
1407027455,s1-eth2,80835.16,5681440.50,5762276.00,5687122,80916,1224.78,1283.72,2508.49,1285,1226,0.00,0.00,0,0
1407027455,s2-eth1,5681440.50,80835.16,5762276.00,80916,5687122,1283.72,1224.78,2508.49,1226,1285,0.00,0.00,0,0
1407027455,s2-eth2,80835.16,5675588.50,5756423.50,5681264,80916,1224.78,1282.72,2507.49,1284,1226,0.00,0.00,0,0
1407027455,eth0,0.00,0.00,0.00,0,0,0.00,0.00,0.00,0,0,0.00,0.00,0,0
1407027455,lo,0.00,0.00,0.00,0,0,0.00,0.00,0.00,0,0,0.00,0.00,0,0
1407027455,s1,0.00,0.00,0.00,0,0,0.00,0.00,0.00,0,0,0.00,0.00,0,0
1407027455,s2,0.00,0.00,0.00,0,0,0.00,0.00,0.00,0,0,0.00,0.00,0,0
1407027455,total,11517319.00,11518634.00,23035952.00,11530152,11528836,5016.98,5014.99,10031.97,5020,5022,0.00,0.00,0,0
1407027456,s1-eth1,5485776.00,77880.00,5563656.00,77880,5485776,1240.00,1180.00,2420.00,1180,1240,0.00,0.00,0,0
1407027456,s1-eth2,77814.00,5474126.00,5551940.00,5474126,77814,1179.00,1239.00,2418.00,1239,1179,0.00,0.00,0,0
1407027456,s2-eth1,5474126.00,77814.00,5551940.00,77814,5474126,1239.00,1179.00,2418.00,1179,1239,0.00,0.00,0,0
1407027456,s2-eth2,77748.00,5484394.00,5562142.00,5484394,77748,1178.00,1241.00,2419.00,1241,1178,0.00,0.00,0,0
1407027456,eth0,0.00,0.00,0.00,0,0,0.00,0.00,0.00,0,0,0.00,0.00,0,0
1407027456,lo,0.00,0.00,0.00,0,0,0.00,0.00,0.00,0,0,0.00,0.00,0,0
1407027456,s1,0.00,0.00,0.00,0,0,0.00,0.00,0.00,0,0,0.00,0.00,0,0
1407027456,s2,0.00,0.00,0.00,0,0,0.00,0.00,0.00,0,0,0.00,0.00,0,0
1407027456,total,11115464.00,11114214.00,22229678.00,11114214,11115464,4836.00,4839.00,9675.00,4839,4836,0.00,0.00,0,0
1407027457,s1-eth1,5459580.00,81708.00,5541288.00,81708,5459580,1238.00,1238.00,2476.00,1238,1238,0.00,0.00,0,0
1407027457,s1-eth2,81774.00,5455170.00,5536944.00,5455170,81774,1239.00,1237.00,2476.00,1237,1239,0.00,0.00,0,0
1407027457,s2-eth1,5455170.00,81774.00,5536944.00,81774,5455170,1237.00,1239.00,2476.00,1239,1237,0.00,0.00,0,0
1407027457,s2-eth2,81708.00,5459580.00,5541288.00,5459580,81708,1238.00,1238.00,2476.00,1238,1238,0.00,0.00,0,0
1407027457,eth0,0.00,0.00,0.00,0,0,0.00,0.00,0.00,0,0,0.00,0.00,0,0
1407027457,lo,344.00,344.00,688.00,344,344,6.00,6.00,12.00,6,6,0.00,0.00,0,0
1407027457,s1,0.00,0.00,0.00,0,0,0.00,0.00,0.00,0,0,0.00,0.00,0,0
1407027457,s2,0.00,0.00,0.00,0,0,0.00,0.00,0.00,0,0,0.00,0.00,0,0
1407027457,total,11078576.00,11078576.00,22157152.00,11078576,11078576,4958.00,4958.00,9916.00,4958,4958,0.00,0.00,0,0
1407027458,s1-eth1,5520210.00,82615.39,5602825.50,82698,5525730,1251.75,1251.75,2503.50,1253,1253,0.00,0.00,0,0
1407027458,s1-eth2,82549.45,5520210.00,5602759.50,5525730,82632,1250.75,1251.75,2502.50,1253,1252,0.00,0.00,0,0
1407027458,s2-eth1,5520210.00,82549.45,5602759.50,82632,5525730,1251.75,1250.75,2502.50,1252,1253,0.00,0.00,0,0
1407027458,s2-eth2,82549.45,5515804.50,5598354.00,5521320,82632,1250.75,1250.75,2501.50,1252,1252,0.00,0.00,0,0
1407027458,eth0,0.00,0.00,0.00,0,0,0.00,0.00,0.00,0,0,0.00,0.00,0,0
1407027458,lo,0.00,0.00,0.00,0,0,0.00,0.00,0.00,0,0,0.00,0.00,0,0
1407027458,s1,0.00,0.00,0.00,0,0,0.00,0.00,0.00,0,0,0.00,0.00,0,0
1407027458,s2,0.00,0.00,0.00,0,0,0.00,0.00,0.00,0,0,0.00,0.00,0,0
1407027458,total,11205519.00,11201179.00,22406698.00,11212380,11216724,5005.00,5005.00,10009.99,5010,5010,0.00,0.00,0,0
1407027459,s1-eth1,5490450.00,82104.00,5572554.00,82104,5490450,1245.00,1244.00,2489.00,1244,1245,0.00,0.00,0,0
1407027459,s1-eth2,82170.00,5494860.00,5577030.00,5494860,82170,1245.00,1246.00,2491.00,1246,1245,0.00,0.00,0,0
1407027459,s2-eth1,5494860.00,82170.00,5577030.00,82170,5494860,1246.00,1245.00,2491.00,1245,1246,0.00,0.00,0,0
1407027459,s2-eth2,82170.00,5494860.00,5577030.00,5494860,82170,1245.00,1246.00,2491.00,1246,1245,0.00,0.00,0,0
1407027459,eth0,0.00,0.00,0.00,0,0,0.00,0.00,0.00,0,0,0.00,0.00,0,0
1407027459,lo,0.00,0.00,0.00,0,0,0.00,0.00,0.00,0,0,0.00,0.00,0,0
1407027459,s1,0.00,0.00,0.00,0,0,0.00,0.00,0.00,0,0,0.00,0.00,0,0
1407027459,s2,0.00,0.00,0.00,0,0,0.00,0.00,0.00,0,0,0.00,0.00,0,0
1407027459,total,11149650.00,11153994.00,22303644.00,11153994,11149650,4981.00,4981.00,9962.00,4981,4981,0.00,0.00,0,0
1407027460,s1-eth1,5622750.00,84150.00,5706900.00,84150,5622750,1275.00,1275.00,2550.00,1275,1275,0.00,0.00,0,0
1407027460,s1-eth2,84084.00,5622750.00,5706834.00,5622750,84084,1274.00,1275.00,2549.00,1275,1274,0.00,0.00,0,0
1407027460,s2-eth1,5622750.00,84084.00,5706834.00,84084,5622750,1275.00,1274.00,2549.00,1274,1275,0.00,0.00,0,0
1407027460,s2-eth2,84084.00,5622750.00,5706834.00,5622750,84084,1274.00,1275.00,2549.00,1275,1274,0.00,0.00,0,0
1407027460,eth0,0.00,0.00,0.00,0,0,0.00,0.00,0.00,0,0,0.00,0.00,0,0
1407027460,lo,0.00,0.00,0.00,0,0,0.00,0.00,0.00,0,0,0.00,0.00,0,0
1407027460,s1,0.00,0.00,0.00,0,0,0.00,0.00,0.00,0,0,0.00,0.00,0,0
1407027460,s2,0.00,0.00,0.00,0,0,0.00,0.00,0.00,0,0,0.00,0.00,0,0
1407027460,total,11413668.00,11413734.00,22827402.00,11413734,11413668,5098.00,5099.00,10197.00,5099,5098,0.00,0.00,0,0
1407027461,s1-eth1,5455170.00,81708.00,5536878.00,81708,5455170,1237.00,1238.00,2475.00,1238,1237,0.00,0.00,0,0
1407027461,s1-eth2,81906.00,5450760.00,5532666.00,5450760,81906,1241.00,1236.00,2477.00,1236,1241,0.00,0.00,0,0
1407027461,s2-eth1,5450760.00,81906.00,5532666.00,81906,5450760,1236.00,1241.00,2477.00,1241,1236,0.00,0.00,0,0
1407027461,s2-eth2,81906.00,5455170.00,5537076.00,5455170,81906,1241.00,1237.00,2478.00,1237,1241,0.00,0.00,0,0
1407027461,eth0,0.00,0.00,0.00,0,0,0.00,0.00,0.00,0,0,0.00,0.00,0,0
1407027461,lo,0.00,0.00,0.00,0,0,0.00,0.00,0.00,0,0,0.00,0.00,0,0
1407027461,s1,0.00,0.00,0.00,0,0,0.00,0.00,0.00,0,0,0.00,0.00,0,0
1407027461,s2,0.00,0.00,0.00,0,0,0.00,0.00,0.00,0,0,0.00,0.00,0,0
1407027461,total,11069742.00,11069544.00,22139286.00,11069544,11069742,4955.00,4952.00,9907.00,4952,4955,0.00,0.00,0,0
1407027462,s1-eth1,5513216.00,92070.00,5605286.00,92070,5513216,1568.00,1395.00,2963.00,1395,1568,0.00,0.00,0,0
1407027462,s1-eth2,91938.00,5513216.00,5605154.00,5513216,91938,1393.00,1568.00,2961.00,1568,1393,0.00,0.00,0,0
1407027462,s2-eth1,5513216.00,91938.00,5605154.00,91938,5513216,1568.00,1393.00,2961.00,1393,1568,0.00,0.00,0,0
1407027462,s2-eth2,91938.00,5499986.00,5591924.00,5499986,91938,1393.00,1565.00,2958.00,1565,1393,0.00,0.00,0,0
1407027462,eth0,0.00,0.00,0.00,0,0,0.00,0.00,0.00,0,0,0.00,0.00,0,0
1407027462,lo,344.00,344.00,688.00,344,344,6.00,6.00,12.00,6,6,0.00,0.00,0,0
1407027462,s1,0.00,0.00,0.00,0,0,0.00,0.00,0.00,0,0,0.00,0.00,0,0
1407027462,s2,0.00,0.00,0.00,0,0,0.00,0.00,0.00,0,0,0.00,0.00,0,0
1407027462,total,11210652.00,11197554.00,22408206.00,11197554,11210652,5928.00,5927.00,11855.00,5927,5928,0.00,0.00,0,0
1407027463,s1-eth1,5486040.00,82038.00,5568078.00,82038,5486040,1244.00,1243.00,2487.00,1243,1244,0.00,0.00,0,0
1407027463,s1-eth2,82104.00,5490450.00,5572554.00,5490450,82104,1244.00,1245.00,2489.00,1245,1244,0.00,0.00,0,0
1407027463,s2-eth1,5490450.00,82104.00,5572554.00,82104,5490450,1245.00,1244.00,2489.00,1244,1245,0.00,0.00,0,0
1407027463,s2-eth2,82236.00,5494860.00,5577096.00,5494860,82236,1246.00,1246.00,2492.00,1246,1246,0.00,0.00,0,0
1407027463,eth0,0.00,0.00,0.00,0,0,0.00,0.00,0.00,0,0,0.00,0.00,0,0
1407027463,lo,0.00,0.00,0.00,0,0,0.00,0.00,0.00,0,0,0.00,0.00,0,0
1407027463,s1,0.00,0.00,0.00,0,0,0.00,0.00,0.00,0,0,0.00,0.00,0,0
1407027463,s2,0.00,0.00,0.00,0,0,0.00,0.00,0.00,0,0,0.00,0.00,0,0
1407027463,total,11140830.00,11149452.00,22290282.00,11149452,11140830,4979.00,4978.00,9957.00,4978,4979,0.00,0.00,0,0
1407027464,s1-eth1,5530140.00,82698.00,5612838.00,82698,5530140,1254.00,1253.00,2507.00,1253,1254,0.00,0.00,0,0
1407027464,s1-eth2,82698.00,5525730.00,5608428.00,5525730,82698,1253.00,1253.00,2506.00,1253,1253,0.00,0.00,0,0
1407027464,s2-eth1,5525730.00,82698.00,5608428.00,82698,5525730,1253.00,1253.00,2506.00,1253,1253,0.00,0.00,0,0
1407027464,s2-eth2,82698.00,5525730.00,5608428.00,5525730,82698,1253.00,1253.00,2506.00,1253,1253,0.00,0.00,0,0
1407027464,eth0,0.00,0.00,0.00,0,0,0.00,0.00,0.00,0,0,0.00,0.00,0,0
1407027464,lo,0.00,0.00,0.00,0,0,0.00,0.00,0.00,0,0,0.00,0.00,0,0
1407027464,s1,0.00,0.00,0.00,0,0,0.00,0.00,0.00,0,0,0.00,0.00,0,0
1407027464,s2,0.00,0.00,0.00,0,0,0.00,0.00,0.00,0,0,0.00,0.00,0,0
1407027464,total,11221266.00,11216856.00,22438122.00,11216856,11221266,5013.00,5012.00,10025.00,5012,5013,0.00,0.00,0,0
1407027465,s1-eth1,5468400.00,81774.00,5550174.00,81774,5468400,1240.00,1239.00,2479.00,1239,1240,0.00,0.00,0,0
1407027465,s1-eth2,81708.00,5468400.00,5550108.00,5468400,81708,1238.00,1240.00,2478.00,1240,1238,0.00,0.00,0,0
1407027465,s2-eth1,5468400.00,81708.00,5550108.00,81708,5468400,1240.00,1238.00,2478.00,1238,1240,0.00,0.00,0,0
1407027465,s2-eth2,81576.00,5468400.00,5549976.00,5468400,81576,1236.00,1240.00,2476.00,1240,1236,0.00,0.00,0,0
1407027465,eth0,0.00,0.00,0.00,0,0,0.00,0.00,0.00,0,0,0.00,0.00,0,0
1407027465,lo,0.00,0.00,0.00,0,0,0.00,0.00,0.00,0,0,0.00,0.00,0,0
1407027465,s1,0.00,0.00,0.00,0,0,0.00,0.00,0.00,0,0,0.00,0.00,0,0
1407027465,s2,0.00,0.00,0.00,0,0,0.00,0.00,0.00,0,0,0.00,0.00,0,0
1407027465,total,11100084.00,11100282.00,22200366.00,11100282,11100084,4954.00,4957.00,9911.00,4957,4954,0.00,0.00,0,0
1407027466,s1-eth1,5578650.00,83622.00,5662272.00,83622,5578650,1265.00,1267.00,2532.00,1267,1265,0.00,0.00,0,0
1407027466,s1-eth2,83688.00,5578650.00,5662338.00,5578650,83688,1268.00,1265.00,2533.00,1265,1268,0.00,0.00,0,0
1407027466,s2-eth1,5578650.00,83688.00,5662338.00,83688,5578650,1265.00,1268.00,2533.00,1268,1265,0.00,0.00,0,0
1407027466,s2-eth2,83754.00,5578650.00,5662404.00,5578650,83754,1269.00,1265.00,2534.00,1265,1269,0.00,0.00,0,0
1407027466,eth0,0.00,0.00,0.00,0,0,0.00,0.00,0.00,0,0,0.00,0.00,0,0
1407027466,lo,0.00,0.00,0.00,0,0,0.00,0.00,0.00,0,0,0.00,0.00,0,0
1407027466,s1,0.00,0.00,0.00,0,0,0.00,0.00,0.00,0,0,0.00,0.00,0,0
1407027466,s2,0.00,0.00,0.00,0,0,0.00,0.00,0.00,0,0,0.00,0.00,0,0
1407027466,total,11324742.00,11324610.00,22649352.00,11324610,11324742,5067.00,5065.00,10132.00,5065,5067,0.00,0.00,0,0
1407027467,s1-eth1,5374867.50,80415.59,5455283.00,80496,5380242,1219.78,1218.78,2438.56,1220,1221,0.00,0.00,0,0
1407027467,s1-eth2,80415.59,5379273.00,5459688.50,5384652,80496,1218.78,1220.78,2439.56,1222,1220,0.00,0.00,0,0
1407027467,s2-eth1,5379273.00,80415.59,5459688.50,80496,5384652,1220.78,1218.78,2439.56,1220,1222,0.00,0.00,0,0
1407027467,s2-eth2,80349.66,5383678.50,5464028.00,5389062,80430,1217.78,1221.78,2439.56,1223,1219,0.00,0.00,0,0
1407027467,eth0,0.00,0.00,0.00,0,0,0.00,0.00,0.00,0,0,0.00,0.00,0,0
1407027467,lo,935.06,935.06,1870.13,936,936,11.99,11.99,23.98,12,12,0.00,0.00,0,0
1407027467,s1,0.00,0.00,0.00,0,0,0.00,0.00,0.00,0,0,0.00,0.00,0,0
1407027467,s2,0.00,0.00,0.00,0,0,0.00,0.00,0.00,0,0,0.00,0.00,0,0
1407027467,total,10915840.00,10924718.00,21840558.00,10935642,10926756,4889.11,4892.11,9781.22,4897,4894,0.00,0.00,0,0
1407027468,s1-eth1,5489371.00,82285.72,5571656.50,82368,5494860,1244.76,1246.75,2491.51,1248,1246,0.00,0.00,0,0
1407027468,s1-eth2,82153.85,5484965.00,5567119.00,5490450,82236,1244.76,1243.76,2488.51,1245,1246,0.00,0.00,0,0
1407027468,s2-eth1,5484965.00,82153.85,5567119.00,82236,5490450,1243.76,1244.76,2488.51,1246,1245,0.00,0.00,0,0
1407027468,s2-eth2,82219.78,5484965.00,5567185.00,5490450,82302,1245.75,1243.76,2489.51,1245,1247,0.00,0.00,0,0
1407027468,eth0,0.00,0.00,0.00,0,0,0.00,0.00,0.00,0,0,0.00,0.00,0,0
1407027468,lo,0.00,0.00,0.00,0,0,0.00,0.00,0.00,0,0,0.00,0.00,0,0
1407027468,s1,0.00,0.00,0.00,0,0,0.00,0.00,0.00,0,0,0.00,0.00,0,0
1407027468,s2,0.00,0.00,0.00,0,0,0.00,0.00,0.00,0,0,0.00,0.00,0,0
1407027468,total,11138710.00,11134370.00,22273080.00,11145504,11149848,4979.02,4979.02,9958.04,4984,4984,0.00,0.00,0,0
1407027469,s1-eth1,5535588.00,91938.00,5627526.00,91938,5535588,1534.00,1393.00,2927.00,1393,1534,0.00,0.00,0,0
1407027469,s1-eth2,91938.00,5539998.00,5631936.00,5539998,91938,1393.00,1535.00,2928.00,1535,1393,0.00,0.00,0,0
1407027469,s2-eth1,5539998.00,91938.00,5631936.00,91938,5539998,1535.00,1393.00,2928.00,1393,1535,0.00,0.00,0,0
1407027469,s2-eth2,91938.00,5548818.00,5640756.00,5548818,91938,1393.00,1537.00,2930.00,1537,1393,0.00,0.00,0,0
1407027469,eth0,90.00,598.00,688.00,598,90,1.00,2.00,3.00,2,1,0.00,0.00,0,0
1407027469,lo,0.00,0.00,0.00,0,0,0.00,0.00,0.00,0,0,0.00,0.00,0,0
1407027469,s1,0.00,0.00,0.00,0,0,0.00,0.00,0.00,0,0,0.00,0.00,0,0
1407027469,s2,0.00,0.00,0.00,0,0,0.00,0.00,0.00,0,0,0.00,0.00,0,0
1407027469,total,11259552.00,11273290.00,22532842.00,11273290,11259552,5856.00,5860.00,11716.00,5860,5856,0.00,0.00,0,0
1407027470,s1-eth1,5415480.00,80982.00,5496462.00,80982,5415480,1228.00,1227.00,2455.00,1227,1228,0.00,0.00,0,0
1407027470,s1-eth2,81048.00,5415480.00,5496528.00,5415480,81048,1228.00,1228.00,2456.00,1228,1228,0.00,0.00,0,0
1407027470,s2-eth1,5415480.00,81048.00,5496528.00,81048,5415480,1228.00,1228.00,2456.00,1228,1228,0.00,0.00,0,0
1407027470,s2-eth2,81114.00,5419890.00,5501004.00,5419890,81114,1229.00,1229.00,2458.00,1229,1229,0.00,0.00,0,0
1407027470,eth0,0.00,0.00,0.00,0,0,0.00,0.00,0.00,0,0,0.00,0.00,0,0
1407027470,lo,0.00,0.00,0.00,0,0,0.00,0.00,0.00,0,0,0.00,0.00,0,0
1407027470,s1,0.00,0.00,0.00,0,0,0.00,0.00,0.00,0,0,0.00,0.00,0,0
1407027470,s2,0.00,0.00,0.00,0,0,0.00,0.00,0.00,0,0,0.00,0.00,0,0
1407027470,total,10993122.00,10997400.00,21990522.00,10997400,10993122,4913.00,4912.00,9825.00,4912,4913,0.00,0.00,0,0
1407027471,s1-eth1,5486040.00,82104.00,5568144.00,82104,5486040,1244.00,1244.00,2488.00,1244,1244,0.00,0.00,0,0
1407027471,s1-eth2,82104.00,5486040.00,5568144.00,5486040,82104,1244.00,1244.00,2488.00,1244,1244,0.00,0.00,0,0
1407027471,s2-eth1,5486040.00,82104.00,5568144.00,82104,5486040,1244.00,1244.00,2488.00,1244,1244,0.00,0.00,0,0
1407027471,s2-eth2,82038.00,5481630.00,5563668.00,5481630,82038,1243.00,1243.00,2486.00,1243,1243,0.00,0.00,0,0
1407027471,eth0,0.00,0.00,0.00,0,0,0.00,0.00,0.00,0,0,0.00,0.00,0,0
1407027471,lo,0.00,0.00,0.00,0,0,0.00,0.00,0.00,0,0,0.00,0.00,0,0
1407027471,s1,0.00,0.00,0.00,0,0,0.00,0.00,0.00,0,0,0.00,0.00,0,0
1407027471,s2,0.00,0.00,0.00,0,0,0.00,0.00,0.00,0,0,0.00,0.00,0,0
1407027471,total,11136222.00,11131878.00,22268100.00,11131878,11136222,4975.00,4975.00,9950.00,4975,4975,0.00,0.00,0,0
1407027472,s1-eth1,5481630.00,82038.00,5563668.00,82038,5481630,1243.00,1243.00,2486.00,1243,1243,0.00,0.00,0,0
1407027472,s1-eth2,82038.00,5481630.00,5563668.00,5481630,82038,1243.00,1243.00,2486.00,1243,1243,0.00,0.00,0,0
1407027472,s2-eth1,5481630.00,82038.00,5563668.00,82038,5481630,1243.00,1243.00,2486.00,1243,1243,0.00,0.00,0,0
1407027472,s2-eth2,82038.00,5481630.00,5563668.00,5481630,82038,1243.00,1243.00,2486.00,1243,1243,0.00,0.00,0,0
1407027472,eth0,0.00,0.00,0.00,0,0,0.00,0.00,0.00,0,0,0.00,0.00,0,0
1407027472,lo,344.00,344.00,688.00,344,344,6.00,6.00,12.00,6,6,0.00,0.00,0,0
1407027472,s1,0.00,0.00,0.00,0,0,0.00,0.00,0.00,0,0,0.00,0.00,0,0
1407027472,s2,0.00,0.00,0.00,0,0,0.00,0.00,0.00,0,0,0.00,0.00,0,0
1407027472,total,11127680.00,11127680.00,22255360.00,11127680,11127680,4978.00,4978.00,9956.00,4978,4978,0.00,0.00,0,0
1407027473,s1-eth1,5384610.00,80586.00,5465196.00,80586,5384610,1221.00,1221.00,2442.00,1221,1221,0.00,0.00,0,0
1407027473,s1-eth2,80652.00,5380200.00,5460852.00,5380200,80652,1222.00,1220.00,2442.00,1220,1222,0.00,0.00,0,0
1407027473,s2-eth1,5380200.00,80652.00,5460852.00,80652,5380200,1220.00,1222.00,2442.00,1222,1220,0.00,0.00,0,0
1407027473,s2-eth2,80586.00,5380200.00,5460786.00,5380200,80586,1221.00,1220.00,2441.00,1220,1221,0.00,0.00,0,0
1407027473,eth0,90.00,90.00,180.00,90,90,1.00,1.00,2.00,1,1,0.00,0.00,0,0
1407027473,lo,0.00,0.00,0.00,0,0,0.00,0.00,0.00,0,0,0.00,0.00,0,0
1407027473,s1,0.00,0.00,0.00,0,0,0.00,0.00,0.00,0,0,0.00,0.00,0,0
1407027473,s2,0.00,0.00,0.00,0,0,0.00,0.00,0.00,0,0,0.00,0.00,0,0
1407027473,total,10926138.00,10921728.00,21847866.00,10921728,10926138,4885.00,4884.00,9769.00,4884,4885,0.00,0.00,0,0
1407027474,s1-eth1,5521320.00,82698.00,5604018.00,82698,5521320,1252.00,1253.00,2505.00,1253,1252,0.00,0.00,0,0
1407027474,s1-eth2,82698.00,5525730.00,5608428.00,5525730,82698,1253.00,1253.00,2506.00,1253,1253,0.00,0.00,0,0
1407027474,s2-eth1,5525730.00,82698.00,5608428.00,82698,5525730,1253.00,1253.00,2506.00,1253,1253,0.00,0.00,0,0
1407027474,s2-eth2,82764.00,5525730.00,5608494.00,5525730,82764,1254.00,1253.00,2507.00,1253,1254,0.00,0.00,0,0
1407027474,eth0,150.00,150.00,300.00,150,150,2.00,2.00,4.00,2,2,0.00,0.00,0,0
1407027474,lo,0.00,0.00,0.00,0,0,0.00,0.00,0.00,0,0,0.00,0.00,0,0
1407027474,s1,0.00,0.00,0.00,0,0,0.00,0.00,0.00,0,0,0.00,0.00,0,0
1407027474,s2,0.00,0.00,0.00,0,0,0.00,0.00,0.00,0,0,0.00,0.00,0,0
1407027474,total,11212662.00,11217006.00,22429668.00,11217006,11212662,5014.00,5014.00,10028.00,5014,5014,0.00,0.00,0,0
1407027475,s1-eth1,5490450.00,82104.00,5572554.00,82104,5490450,1245.00,1244.00,2489.00,1244,1245,0.00,0.00,0,0
1407027475,s1-eth2,82170.00,5490450.00,5572620.00,5490450,82170,1245.00,1245.00,2490.00,1245,1245,0.00,0.00,0,0
1407027475,s2-eth1,5490450.00,82170.00,5572620.00,82170,5490450,1245.00,1245.00,2490.00,1245,1245,0.00,0.00,0,0
1407027475,s2-eth2,82038.00,5490450.00,5572488.00,5490450,82038,1243.00,1245.00,2488.00,1245,1243,0.00,0.00,0,0
1407027475,eth0,0.00,0.00,0.00,0,0,0.00,0.00,0.00,0,0,0.00,0.00,0,0
1407027475,lo,0.00,0.00,0.00,0,0,0.00,0.00,0.00,0,0,0.00,0.00,0,0
1407027475,s1,0.00,0.00,0.00,0,0,0.00,0.00,0.00,0,0,0.00,0.00,0,0
1407027475,s2,0.00,0.00,0.00,0,0,0.00,0.00,0.00,0,0,0.00,0.00,0,0
1407027475,total,11145108.00,11145174.00,22290282.00,11145174,11145108,4978.00,4979.00,9957.00,4979,4978,0.00,0.00,0,0
1407027476,s1-eth1,5459580.00,81708.00,5541288.00,81708,5459580,1238.00,1238.00,2476.00,1238,1238,0.00,0.00,0,0
1407027476,s1-eth2,81642.00,5463990.00,5545632.00,5463990,81642,1237.00,1239.00,2476.00,1239,1237,0.00,0.00,0,0
1407027476,s2-eth1,5463990.00,81642.00,5545632.00,81642,5463990,1239.00,1237.00,2476.00,1237,1239,0.00,0.00,0,0
1407027476,s2-eth2,81708.00,5472810.00,5554518.00,5472810,81708,1238.00,1241.00,2479.00,1241,1238,0.00,0.00,0,0
1407027476,eth0,0.00,0.00,0.00,0,0,0.00,0.00,0.00,0,0,0.00,0.00,0,0
1407027476,lo,0.00,0.00,0.00,0,0,0.00,0.00,0.00,0,0,0.00,0.00,0,0
1407027476,s1,0.00,0.00,0.00,0,0,0.00,0.00,0.00,0,0,0.00,0.00,0,0
1407027476,s2,0.00,0.00,0.00,0,0,0.00,0.00,0.00,0,0,0.00,0.00,0,0
1407027476,total,11086920.00,11100150.00,22187070.00,11100150,11086920,4952.00,4955.00,9907.00,4955,4952,0.00,0.00,0,0
1407027477,s1-eth1,5419890.00,81180.00,5501070.00,81180,5419890,1229.00,1230.00,2459.00,1230,1229,0.00,0.00,0,0
1407027477,s1-eth2,81048.00,5419890.00,5500938.00,5419890,81048,1228.00,1229.00,2457.00,1229,1228,0.00,0.00,0,0
1407027477,s2-eth1,5419890.00,81048.00,5500938.00,81048,5419890,1229.00,1228.00,2457.00,1228,1229,0.00,0.00,0,0
1407027477,s2-eth2,81114.00,5419890.00,5501004.00,5419890,81114,1229.00,1229.00,2458.00,1229,1229,0.00,0.00,0,0
1407027477,eth0,0.00,0.00,0.00,0,0,0.00,0.00,0.00,0,0,0.00,0.00,0,0
1407027477,lo,344.00,344.00,688.00,344,344,6.00,6.00,12.00,6,6,0.00,0.00,0,0
1407027477,s1,0.00,0.00,0.00,0,0,0.00,0.00,0.00,0,0,0.00,0.00,0,0
1407027477,s2,0.00,0.00,0.00,0,0,0.00,0.00,0.00,0,0,0.00,0.00,0,0
1407027477,total,11002286.00,11002352.00,22004638.00,11002352,11002286,4921.00,4922.00,9843.00,4922,4921,0.00,0.00,0,0
1407027478,s1-eth1,5428710.00,81246.00,5509956.00,81246,5428710,1231.00,1231.00,2462.00,1231,1231,0.00,0.00,0,0
1407027478,s1-eth2,81312.00,5424300.00,5505612.00,5424300,81312,1232.00,1230.00,2462.00,1230,1232,0.00,0.00,0,0
1407027478,s2-eth1,5424300.00,81312.00,5505612.00,81312,5424300,1230.00,1232.00,2462.00,1232,1230,0.00,0.00,0,0
1407027478,s2-eth2,81246.00,5419890.00,5501136.00,5419890,81246,1231.00,1229.00,2460.00,1229,1231,0.00,0.00,0,0
1407027478,eth0,0.00,86.00,86.00,86,0,0.00,1.00,1.00,1,0,0.00,0.00,0,0
1407027478,lo,0.00,0.00,0.00,0,0,0.00,0.00,0.00,0,0,0.00,0.00,0,0
1407027478,s1,0.00,0.00,0.00,0,0,0.00,0.00,0.00,0,0,0.00,0.00,0,0
1407027478,s2,0.00,0.00,0.00,0,0,0.00,0.00,0.00,0,0,0.00,0.00,0,0
1407027478,total,11015568.00,11006834.00,22022402.00,11006834,11015568,4924.00,4923.00,9847.00,4923,4924,0.00,0.00,0,0
1407027479,s1-eth1,3408216.00,51890.11,3460106.00,51942,3411624,775.22,786.21,1561.44,787,776,0.00,0.00,0,0
1407027479,s1-eth2,52747.25,3320104.00,3372851.25,3323424,52800,799.20,755.24,1554.45,756,800,0.00,0.00,0,0
1407027479,s2-eth1,3320104.00,52747.25,3372851.25,52800,3323424,755.24,799.20,1554.45,800,756,0.00,0.00,0,0
1407027479,s2-eth2,53670.33,3231992.00,3285662.50,3235224,53724,813.19,735.26,1548.45,736,814,0.00,0.00,0,0
1407027479,eth0,0.00,0.00,0.00,0,0,0.00,0.00,0.00,0,0,0.00,0.00,0,0
1407027479,lo,0.00,0.00,0.00,0,0,0.00,0.00,0.00,0,0,0.00,0.00,0,0
1407027479,s1,0.00,0.00,0.00,0,0,0.00,0.00,0.00,0,0,0.00,0.00,0,0
1407027479,s2,0.00,0.00,0.00,0,0,0.00,0.00,0.00,0,0,0.00,0.00,0,0
1407027479,total,6834737.50,6656733.50,13491471.00,6663390,6841572,3142.86,3075.92,6218.78,3079,3146,0.00,0.00,0,0
1407027480,s1-eth1,0.00,0.00,0.00,0,0,0.00,0.00,0.00,0,0,0.00,0.00,0,0
1407027480,s1-eth2,0.00,0.00,0.00,0,0,0.00,0.00,0.00,0,0,0.00,0.00,0,0
1407027480,s2-eth1,0.00,0.00,0.00,0,0,0.00,0.00,0.00,0,0,0.00,0.00,0,0
1407027480,s2-eth2,0.00,0.00,0.00,0,0,0.00,0.00,0.00,0,0,0.00,0.00,0,0
1407027480,eth0,90.00,598.00,688.00,598,90,1.00,2.00,3.00,2,1,0.00,0.00,0,0
1407027480,lo,0.00,0.00,0.00,0,0,0.00,0.00,0.00,0,0,0.00,0.00,0,0
1407027480,s1,0.00,0.00,0.00,0,0,0.00,0.00,0.00,0,0,0.00,0.00,0,0
1407027480,s2,0.00,0.00,0.00,0,0,0.00,0.00,0.00,0,0,0.00,0.00,0,0
1407027480,total,90.00,598.00,688.00,598,90,1.00,2.00,3.00,2,1,0.00,0.00,0,0
1407027481,s1-eth1,0.00,0.00,0.00,0,0,0.00,0.00,0.00,0,0,0.00,0.00,0,0
1407027481,s1-eth2,0.00,0.00,0.00,0,0,0.00,0.00,0.00,0,0,0.00,0.00,0,0
1407027481,s2-eth1,0.00,0.00,0.00,0,0,0.00,0.00,0.00,0,0,0.00,0.00,0,0
1407027481,s2-eth2,0.00,0.00,0.00,0,0,0.00,0.00,0.00,0,0,0.00,0.00,0,0
1407027481,eth0,0.00,0.00,0.00,0,0,0.00,0.00,0.00,0,0,0.00,0.00,0,0
1407027481,lo,0.00,0.00,0.00,0,0,0.00,0.00,0.00,0,0,0.00,0.00,0,0
1407027481,s1,0.00,0.00,0.00,0,0,0.00,0.00,0.00,0,0,0.00,0.00,0,0
1407027481,s2,0.00,0.00,0.00,0,0,0.00,0.00,0.00,0,0,0.00,0.00,0,0
1407027481,total,0.00,0.00,0.00,0,0,0.00,0.00,0.00,0,0,0.00,0.00,0,0
1407027482,s1-eth1,0.00,0.00,0.00,0,0,0.00,0.00,0.00,0,0,0.00,0.00,0,0
1407027482,s1-eth2,0.00,0.00,0.00,0,0,0.00,0.00,0.00,0,0,0.00,0.00,0,0
1407027482,s2-eth1,0.00,0.00,0.00,0,0,0.00,0.00,0.00,0,0,0.00,0.00,0,0
1407027482,s2-eth2,0.00,0.00,0.00,0,0,0.00,0.00,0.00,0,0,0.00,0.00,0,0
1407027482,eth0,0.00,0.00,0.00,0,0,0.00,0.00,0.00,0,0,0.00,0.00,0,0
1407027482,lo,343.66,343.66,687.31,344,344,5.99,5.99,11.99,6,6,0.00,0.00,0,0
1407027482,s1,0.00,0.00,0.00,0,0,0.00,0.00,0.00,0,0,0.00,0.00,0,0
1407027482,s2,0.00,0.00,0.00,0,0,0.00,0.00,0.00,0,0,0.00,0.00,0,0
1407027482,total,343.66,343.66,687.31,344,344,5.99,5.99,11.99,6,6,0.00,0.00,0,0
1407027483,s1-eth1,0.00,0.00,0.00,0,0,0.00,0.00,0.00,0,0,0.00,0.00,0,0
1407027483,s1-eth2,0.00,0.00,0.00,0,0,0.00,0.00,0.00,0,0,0.00,0.00,0,0
1407027483,s2-eth1,0.00,0.00,0.00,0,0,0.00,0.00,0.00,0,0,0.00,0.00,0,0
1407027483,s2-eth2,0.00,0.00,0.00,0,0,0.00,0.00,0.00,0,0,0.00,0.00,0,0
1407027483,eth0,0.00,0.00,0.00,0,0,0.00,0.00,0.00,0,0,0.00,0.00,0,0
1407027483,lo,0.00,0.00,0.00,0,0,0.00,0.00,0.00,0,0,0.00,0.00,0,0
1407027483,s1,0.00,0.00,0.00,0,0,0.00,0.00,0.00,0,0,0.00,0